50
 
 
 
 
 
 
 
 
 
38 50 69 74 78
38 50 69 74 78
38 50 69 74 78
38 50 69 74 78
38 50 69 74 78
38 50 69 74 78
38 50 69 74 78
38 50 69 74 78
38 50 69 74 78
38 50 69 74 78
38 50 69 74 78
38 50 69 74 78
38 50 69 74 78
38 50 69 74 78
38 50 69 74 78
38 50 69 74 78
38 50 69 74 78
38 50 69 74 78
38 50 69 74 78
38 50 69 74 78
38 50 69 74 78
38 50 69 74 78
38 50 69 74 78
38 50 69 74 78
38 50 69 74 78
38 50 69 74 78
38 50 69 74 78
38 50 69 74 78
38 69 74 78
38 69 74 78
38 69 74 78
38 50 69 74 78
38 50 69 74 78
38 50 69 74 78
52 69 74 78
52 69 74 78
52 69 74 78
54 69 74 78
54 69 74 78
54 69 74 78
55 69 74 78
55 69 74 78
55 69 74 78
55 69 74 78
57 69 74 78
57 69 74 78
57 69 74 78
59 69 74 78
59 69 74 78
59 69 74 78
61 69 74 78
61 69 74 78
61 69 74 78
62 69 74 78
62 69 74 78
62 69 74 78
62 69 74 78
62 69 74 78
62 69 74 78
62 69 74 78
62 69 74 78
62 69 74 78
62 69 74 78
62 69 74 78
62 69 74 78
62 69 74 78
62 69 74 78
62 69 74 78
62 69 74 78
62 69 74 78
62
62
62
59 62 78
59 62 78
59 62 78
59 62 78
59 62 78
62 64 79
62 64 79
62 64 78
62 64
62 64 79
62 64 79
62 64 79
62 64 79
62 64 79
62 64 79
62 64 79
62 64 79
62 64 79
62 64 79
62 64 79
62 64 79
62 64 79
62 64 79
62 64 79
62 64 79
62 66 81
62 66 81
62 66 81
62 66 81
62 66 81
62 67 71 78
62 67 71 78
62 67 71 78
62 67 71 78
62 67 71 78
62 67 71 78
62 67 71 78
62 67 71 78
62 67 71 78
62 67 71 78
62 67 71 78
62 67 71 78
62 67 71 76
62 67 71 76
62 67 71 76
62 67 71 76
62 67 71 76
62 67 71 76
62 67 71 76
62 67 71 76
62 67 71 76
62 67 71 76
62 67 71 76
62 67 71 76
62 67 71 76
67 76
67 76
67 76
64 76
64 76
64 76
66 76
66 76
66 76
67 76
67 76
67 76
69 76
69 76
69 76
69 76
71 76
71 76
71 76
73 76
73 76
73 76
74 76
74 76
74
76
76
76
76
76
76
76
76
76
76
76
76
76
76
76
76
76
76
76
76
61 64 69 76
61 64 69 76
61 64 69 76
61 64 69 76
61 64 69 76
59 62 69 76
59 62 69 76
59 62 68 76
59 62 68 76
59 62 69 76
59 62 69 76
59 62 69 76
59 62 68 76
59 62 68 76
59 62 68 76
59 62 68 76
59 62 68 76
59 62 68 76
59 62 68 76
59 62 68 76
59 62 68 76
59 62 68 76
59 62 68 76
59 62 68 76
59 62 68 76
57 61 69 76
57 61 69 76
57 61 69 76
57 61 69 76
57 61 69
59 62 74
59 62 74
59 62 74
59 62 74
59 62 74
59 62 74
59 62 74
59 62 74
59 62 74
59 62 74
59 62 74
59 62 74
59 62 74
59 62 74
59 62 74
59 62 74
59 62 74
59 62 74
59 62 74
59 62 74
59 62 74
59 62 74
59 62 74
59 62 74
59 62 74
59 62 74
59 62 74
59 62 74
59 62 67 74
59 62 67 74
59 62 67 74
59 62 69 74
59 62 69 74
59 62 69 74
59 62 71 74
59 62 71 74
59 62 71
59 62 72
59 62 72
59 62 72
59 62 72
59 62 74
59 62 74
59 62 74
59 62 76
59 62 76
59 62 76
59 62 78
59 62 78
59 62 78
59 62 79
59 62 79
59 62 79
59 62 79
59 62 79
59 62 79
59 62 79
59 62 79
59 62 79
59 62 79
59 62 79
59 62 79
59 62 79
59 62 79
59 62 79
59 62 79
59 62 79
59 62 79
59 62 79
59 62 79
52 71 79
52 71 79
52 71 79
52 71 79
52 71 79
54 76 79
54 76 79
54 76 79
54 76 79
54 76 79
54 76 79
54 76 79
54 76 79
54 76 79
54 76 79
54 76 79
54 76 79
54 76 79
54 76 79
54 76 79
54 76 79
54 76 79
54 76 79
54 76 79
54 76 79
55 74 79
55 74 79
55 74 79
55 74 79
55 74 79
57 73 79
57 73 79
57 73 79
57 73 79
57 73 79
57 73 79
57 73 79
57 73 79
57 73 79
57 73 79
57 73 79
57 73 79
57 73
57 73
57 73
57 73
57 73
57 73
57 73
57 73
57 59 74 79
57 59 74 79
57 59 74 79
57 59 74 79
57 59 74 79
57 61 76 81
57 61 76 81
57 61 76 81
57 61 76 81
57 61 76 81
57 61 76 81
57 61 76 81
57 61 76 81
57 61 76 81
57 61 76 81
57 61 76 81
57 61 76 81
57 61 76 81
57 61 76 81
57 61 76 81
57 61 76 81
57 61 76 81
57 61 76 81
57 61 76 81
57 61 76 81
57 62 78 83
57 62 78 83
57 62 78 83
57 62 78 83
57 62 78 83
57 64 69 74
57 64 69 74
57 64 69 74
57 64 69 73
57 64 69 73
57 64 69 73
57 64 69 74
57 64 69 74
57 64 69 74
57 64 69 73
57 64 69 73
57 64 69 73
57 64 69 74
57 64 69 74
57 64 69 74
64 69 74
64 69 73
64 69 73
64 69 73
52 69 74
52 69 74
52 69 74
52 69 76
52 69 76
52 69 76
49 69
49 69
49 69
49 69
49 69
49 69
49 69 76
49 69 76
49 69 76
49 69 76
49 69 76
49 69 76
49 69 76 81
49 69 76 81
49 69 76 81
49 69 76 81
49 69 76 81
49 69 76 81
49 69 76 81
45 69 76 79
45 69 76 79
45 69 76 79
45 69 76 79
45 69 76 79
45 69 79
50 69 74 79
50 69 74 79
50 69 74 79
50 69 74 79
50 69 74 79
50 69 74 79
50 69 74 79
50 69 74 79
50 69 74 79
50 69 74 79
50 69 74 79
50 69 74 79
50 69 74 78
50 69 74 78
50 69 74 78
50 69 74 78
50 69 74 78
50 69 74 78
50 69 74 78
50 69 74 78
50 69 74 78
50 69 74 78
50 69 74 78
50 69 74 78
50 69 74
50 69 76
50 69 76
50 69 76
50 69 76
69 76
69 76
49 69 76
49 69 76
49 69 76
47 69 76
47 69 76
47 69 76
45 69 74
45 69 74
45 69 74
45 69 74
43 69 74
43 69 74
43 69 74
42 69 74
42 69 74
42 69 74
40 69 74
40 69 74
40 69
38 69 74 78
38 69 74 78
38 69 73 78
38 69 73 78
38 69 74 78
38 69 74 78
38 69 74 78
38 69 74 78
38 69 74 78
38 69 74 78
38 69 74 78
38 69 74 78
38 69 74 78
38 69 74 78
38 69 74 78
38 69 74 78
38 69 74 78
38 69 74 78
38 69 74 78
50 69 74 78
50 69 74 78
50 69 74 78
50 69 74 78
50 69 74 78
50 69 74 78
52 69 74 78
52 69 74 78
52 69 74 78
52 69 74 78
52 69 74 78
52 69 74 78
52 69 74 78
52 69 74 78
52 69 74 78
52 69 74 78
52 69 74 78
52 69 74 78
52 69 74 78
52 69 74 78
52 69 74 78
52 69 74 78
52 69 74 78
52 74
52 74
52 74
54 69 78
54 69 78
54 69 78
54 69 78
54 69 78
43 71 78
43 71 78
43 71 78
43 71 78
43 71 78
43 71 78
43 71 78
43 71 78
43 71 78
43 71 78
43 71 78
43 71 78
43 71 78
43 71 78
43 71 78
43 71 78
43 71 78
43 71 78
43 71 78
43 71 78
62 71 78
62 71 78
62 71 78
62 71 78
62 71 78
64 71 78
64 71 78
64 71 78
64 83
64 83
64
64 81
64 81
64 79
64 79
64 79
64 78
64 78
64 78
64 76
64 76
64 76
64 75
64 75
 
66 73
66 73
66 71
66 71
66 71
67 71 76
67 71 76
67 71 76
67 71 76
67 71 76
67 71 76
67 71 76
67 71 76
67 71 76
67 71 76
67 71 76
67 71 76
67 71 76
67 71 76
67 71 76
67 71 76
67 71 76
67 71 76
67 71 76
43 71 76
43 71 76
43 71 76
43 71 76
43 71 76
43 71 76
43 71 76
43 71 76
43 71 76
42 71 76
42 71 76
42 71 76
43 71 76
43 71 76
43 71 76
42 71 76
42 71 76
42 71 76
43 71 76
43 71 76
43 71 76
43 71 76
42 76
42 76
42 76
40 76
40 76
40 76
40 76
40 76
40 76
47 76
47 76
47 76
47 76
47 76
47 76
47 76
47 76
47 76
47 76
47 76
47 76
47 76
47 76
47 76
47 76
47 74
47 74
47 74
47 54 73
47 54 73
47 54 73
47 54 74
47 54 74
47 54 74
47 56 76
47 56 76
47 56 74 76
47 56 74
47 56 74
47 56 76
47 56 76
47 56 74
47 56 74
47 56 76
47 56 76
47 56 74
47 56 74
47 56 74 76
47 56 76
47 56 74 76
47 56 74
47 56 74
47 56 74
47 56
47 58 73
47 58 73
47 58 73
47 58 73
47 58 73
59 71 74
59 71 74
59 71 74
59 71 74
59 71 74
59 71 74
59 71 74
59 71 74
59 71 74
59 71 74
59 71 74
59 71 74
59 71 74
59 71 74
59 71 74
59 71 74
59 71 74
59 71 74
59 71 74
59 71 74
47 71 74
47 71 74
47 71 74
47 71 74
47 71 74
49 71 74
49 71 74
49 71 74
49 71 74
49 71 74
49 71 74
49 71 74
49 71 74
49 71 74
49 71 74
49 71 74
49 71 74
49 71 74
49 71 74
49 71 74
49 71 74
49 71 74
49 71 74
49 71 74
49 71 74
50 71 74
50 71 74
50 71 74
50 71 74
50 71 74
44 71 74
44 71 74
44 71 74
44 71 74
44 71 74
44 71 74
44 71 74
44 71
44 71
44 71
44 71
44 71
44 71
44 71
44
44
52 74
52 74
52 74
54 73
54 73
54 73
56 71
56 71
56 71
57 73
57 73
57 71
57 71 73
57 73
57 73
57 73
57 73
57 73
57 73
57 73
57 73
57 73
57 73
57 73
57 73
57 73
57 73
57 73
59 74
59 74
59 74
59 74
59 74
59 74
61 76
61 76
61 76
61 76
61 76
61 76
61 76
61 76
61 76
61 76
61 76
61 76
61 76
61 76
61 76
61 76
61 76
61 76
61 76
62 69 74 78
62 69 74 78
62 69 74 78
62 69 74 78
62 69 74 78
62 69 74 78
59 71 74 80
59 71 74 80
59 71 74 80
59 71 74 80
59 71 74 80
59 71 74 80
59 71 74 80
59 71 74 80
59 71 74 80
59 71 74 80
59 71 74 80
59 71 74 80
59 71 74 80
59 71 74 80
59 71 74 80
59 71 74 80
59 71 74 80
59 71 74 80
59 71 74 80
57 73 76 81
57 73 76 81
57 73 76 81
57 73 76 81
57 73 76 81
57 73 76 81
64 71 76 80
64 71 76 80
64 71 76 80
64 71 76 80
64 71 76 80
64 71 76 80
64 71 76 78
64 71 76 78
64 71 76 78
64 71 76 78
64 71 76 78
64 71 76 78
64 71 76 80
64 71 76 80
64 71 76 80
64 71 76 80
64 71 76 80
64 71 76 80
64 71 76 80
62 71 76 80
62 71 76 80
62 71 76 80
61 71 76 80
61 71 76 80
61 71 76 80
59 80
59 80
59 80
59 80
59 80
59 80
59 78
59 78
59 78
59 80
59 80
59 80
59 81
59 81
59 81
59 81
59 80
59 80
59 80
62 78
62 78
62 78
62 76
62 76
62 76
56 83
56 83
56 83
56 83
56 83
56 83
56 83
56 83
56 83
56 83
56 83
56 83
56 83
56 83
56 83
56 83
56 83
56 83
56 83
59 80 83
59 80 83
59 80 83
59 80 83
59 80 83
59 80 83
52 74 83
52 74 83
52 74 83
52 74 83
52 74 83
52 74 83
52 74 83
52 74 83
52 74 83
52 74 83
52 74 83
52 74 83
52 74 83
52 74 83
52 74 83
52 74 83
52 74 83
52 74 83
52 74 83
56 74 83
56 74 83
56 74 83
56 74 83
56 74 83
56 74 83
42 74 83
42 74 83
42 74 83
42 71 83
42 71 83
42 71 83
42 73 83
42 73 83
42 73 83
42 74 83
42 74 83
42 74 83
42 73 83
42 73 83
42 73 83
42 73 83
42 71 83
42 71 83
42 71
42 69
42 69
42 69
42 68
42 68
42 68
42 69
42 69
42 69
42
42 71
42 71
42 71
42 73
42 73
42 73
42
42 74
42 74
42 74
54 76
54 76
54 76
54 76
52 78
52 78
52 78
50 80
50 80
50 80
50 80
49 81
49 81
49 81
49 81
49 81
49 81
49 81
49 81
49 81
49 81
49 81
49 81
49 81
49 81
49 81
49 81
49 74 81
49 74 81
49 74 81
52 73 81
52 73 81
52 73 81
52 71 81
52 71 81
52 71 81
45 73 81
45 73 81
45 73 81
45 73 81
45 73 81
45 73
45 73 76
45 73 76
45 73 76
45 73 76
45 73 76
45 73 76
45 73 76 79
45 73 76 79
45 73 76 79
45 73 76 79
45 73 76 79
45 73 76 79
45 73 76 79
49 73 76 79
49 73 76 79
49 73 76 79
49 73 76 79
49 73 76 79
49 73 76 79
38 73 76 79
38 73 76 79
38 73 76 79
38 73 76 79
38 73 76 79
38 73 76 79
38 79
38 79
38 79
38 79
38 79
38 79
38 79
38 79
38 79
38 79
45 73 79
45 73 79
45 73 79
47 74 79
47 74 79
47 74 79
49 76 79
49 76 79
49 76
50 78
50 78
50 78
50 79
50 79
50 79
50 78
50 78
50 78
50 76
50 76
50 76
50 74
50 74
50 74
50 74
50 73
50 73
50 73
50 71
50 71
50 71
50 69
50 69
50 69
50 68
50 68
50 68
50 68
50 68
50 68
50 68
50 68
50 68
50 68
50 68
50 68
50 68
50 68
50 68
50 68
50 68
50 68
50 68
50 68
50 71
50 71
50 71
50 71
50 71
49 76
49 76
49 76
49 76
49 76
49 76
49 76
49 76
49 76
49 76
49 76
49 76
49 76
49 76
49 76
49 76
49 76
49 76
49 76
49 76
47 68 76
47 68 76
47 68 76
47 68 76
47 68 76
49 69 76
49 69 76
49 69 76
49 69 76
49 69 76
49 69 76
52 69 76
52 69 76
52 69 76
52 69 76
52 69 76
52 69 76
50 69 76
50 69 76
50 69 76
50 69
50 78
50 78
50 78
49 80
49 80
49 80
49 81
49 81
49 81
47 81
47 81
47 81
47 80
47 80
47 81
49 81
49 81
49 80
49 80
49 80
49 81
45 81
45 81
45 80
45 80
45 78
45 78
45 78
45 80
45 80
45 80
45 81
45 81
45 81
52 68 73
52 68 73
52 68 73
52 68 73
52 68 73
52 68 73
52 68 71
52 68 71
52 68 73
52 68 73
52 68 71
52 68 71
52 68 73
52 68 73
52 68 73
52 68 71
52 68 71
52 68 73
52 68 73
52 68 71
52 68 71
52 68 73
52 68 73
52 68 71
52 68 71
40 68 71
40 68 71
40 68 71
40 68 71
40 68 71
40 68 71
40 68 71
40 68 71
40 68 71
40 68 71
40 68 71
40 68 71
40 68 69
40 69
40 69
40 69
40 69
40 69
40 69
40 69
40 69
40 69
40 69
40 69
45 69
45 69
45 69
45 69
45 69
45 69
45 69
45 69
45 69
45 69
45 69
45 69
45 69
45 69
45 69
45 69
45 69
45 73
45 71
45 71
45 69
45 69
45 79
45 79
45 79
45 79
45 79
45 79
45 79
45 79
45 79
45 79
45 79
47 79
47 79
49 79
49 79
50 79
50 79
52 79
52 79
54 76
54 76
55 76
55 76
57 78
57 78
57 78
57 78
57 78
57 78
57 78
57 78
57 78
57 78
57 78
57 78
57 78
57 78
57 78
57 78
57 78
57 76 78
57 74 78
57 74 78
57 73 78
57 73 78
57 74 78
57 74 78
57 74 78
57 74 78
57 74 78
57 74 78
57 74 78
57 74 78
57 74 78
57 74 78
57 74 78
57 74 78
57 74 78
59 74 78
59 74 78
61 74 78
61 74 78
62 74 78
62 74 78
64 74 78
64 74 78
66 74 78
66 74 78
67 74 78
67 74 78
67 74 78
67 74 78
67 74 78
67 74 78
67 74 78
67 74 78
67 74 78
67 74 78
67 74 78
67 74 78
67 74 78
67 74
67 74
67 74
67 74 78
67 78
67 76
67 76
67 74
67 74
67 76
67 76
67 76
67 76
67 76
67 76
67 76
67 76
67 76
67 76
67 76
67 76
67 76
67 76
67 76
67 76
67 74 76
67 74 76
67 74 76
67 73 76
67 73 76
67 71 76
67 71 76
67 73 76
67 73 76
67 73 76
67 73 76
67 73 76
67 73 76
67 73 76
67 73 76
67 73 76
67 73 76
67 73 76
67 73 76
67 73 76
57 73 76
57 73 76
59 73 76
59 73 76
61 73 76
62 73 76
62 73 76
64 73 76
64 73 76
66 73 76
66 73 76
66 73 76
66 73 76
66 73 76
66 73 76
66 73 76
66 73 76
66 73 76
66 73 76
66 73 76
66 73 76
66 73 76
66 73 76
66 73
66 73
66 73 76
66 76
66
66 74
66 74
66 73
66 73
66 74
66 74
66 74
66 74
66 74
66 74
66 74
66 74
66 74
66 74
66 74
66 74
66 74
66 74
66 74
66 74
66 73 74
66 73 74
66 71 74
66 71 74
66 69 74
66 69 74
66 71 74
66 71 74
66 71 74
66 71 74
66 71 74
66 71 74
66 71 74
66 71 74
66 71 74
66 71 74
66 71 74
66 71 74
66 71 74
66 71 74
66 71 74
66 71 74
66 69 71 74
69 71 74
71 74
68 71 74
71 74
66 71 74
71 74
68 71 74
68 71 74
68 71 74
68 71 74
68 71 74
68 71 74
68 71 74
68 71 74
68 71 74
68 71 74
68 71 74
68 71 74
68 71 74
68 71
68 71
68 71
68 71 77
68 77
68 76
68 76
68 74
68 74
68 83
68 83
68 83
68 83
68 83
68 83
68 83
68 83
68 83
68 83
57 83
59 83
59 83
60 83
60 83
62 83
62 83
64 80
64 80
66 78
66 78
68 76
68 76
69 84
69 84
69 84
69 84
69 84
69 84
69 84
69 84
69 84
69 84
69 84
69 84
69 84
69 84
67 84
67 84
67 84
65 84
65 84
64 84
64 84
64 84
65 84
65 84
65 84
65 84
65 84
65 84
67 84
67 84
67 84
67 84
67 84
69 84
69 84
69 84
69 84
69 84
69 84
65 84
65 84
65 84
65 84
65 84
65 84
64 84
64 84
64 84
64 84
64 84
64 84
64 84
64 84
64 84
64 84
64 84
63 84
63 84
63 84
63 84
63 84
63 84
63 83
63 81
63 81
63 80
63 80
63 81
63 81
63 81
63 81
63 81
63 81
63 81
63 81
63 81
63 81
63 81
63 81
63 81
63 64 81
63 64 81
63 66 81
63 66 81
63 68 81
63 68 81
63 69 81
63 69 81
63 71 81
63 71 81
63 72 81
63 72 81
63 72 81
63 72 81
63 72 81
63 72 81
63 72 81
63 72 81
63 72 81
63 72 81
63 72 81
72 81
72 81
72 81
72 81
72 81
62 72 81 83
62 83
60 81
60 81
59 80
59 80
60 81
60 81
60 81
60 81
60 81
60 81
60 78
60 78
60 78
57 78
57 78
51 78
51 78
51 78
51 78
51 78
51 78
51 78 80
51 78 80
51 78 80
51 78 80
51 78 80
51 80
52 59 76 81
52 59 76 81
52 59 76 81
52 59 76 80
52 59 76 80
52 59 76 81
52 59 76 81
52 59 76 80
52 59 76 80
52 59 76 81
52 59 76 81
52 59 76 80
52 59 76 80
52 59 76 81
52 59 76 81
52 59 76 80
52 59 76 80
52 59 76 81
52 59 76 80
52 59 76 80
52 59 76 80
52 59 76 80
64 74 80
64 74 80
64 74 80
64 74 80
64 74 80
64 74 80
64 74 80
64 74 80
64 74 80
64 74 80
64 74 80
64 74 80 81
64 74 80 81
64 74 81
64 74 81
64 81
64 81
64 81
64 81
57 64 81
57 64 81
57 64 81
57 64 81
57 64 81
57 64 81
57 64 81
57 64 73 81
57 64 73 81
57 64 73 81
57 64 73 81
57 64 73 81
57 64 73 81
57 64 73 81
64 76
64 76
76
76
76
76
76
76
78
78
78
78
78
78
78
71
71
71
71
71
71
71
74
74
74
74
74
74
74
74
76
76
76
76
76
76
76
69
69
69
69
69
69
69
73
73
73
73
73
73
73
73
74
74
74
74
74
74
74
76
76
76
76
74
74
74
73
73
73
73
71
71
71
71
76
76
76
76
76
76
76
69
69
69
69
69
69
69
73
73
73
73
73
73
73
73
74
74
74
74
74
74
74
68
68
68
68
68
68
68
71
71
71
71
71
71
71
 
73
73
73
73
73
73
73
74 78
74 78
74 78
73 78
73 78
73 78
73 78
71 81
71 81
71 81
71 81
69 81
69 81
69 81
74 83
74 83
74 83
74 83
74 83
74 83
74 83
74 83
74 76
74 76
76
76
76
76
76
80
80
80
80
80
80
80
72 81
72 81
72 81
72 81
72 81
72 81
72 81
72 81
72 74
72 74
74
74
74
74
74
78
78
78
78
78
78
78
71 79
71 79
71 79
71 79
71 79
71 79
71 79
71 79
72 81
72 81
72 81
71 79
71 79
71 79
71 79
69 78
69 78
69 78
69 78
67 76
67 76
67 76
66 81
66 81
66 81
66 81
66 81
66 81
66 81
66 81
66 74
74
74
74
74
74
74
78
78
78
78
78
78
78
69 79
69 79
69 79
69 79
69 79
69 79
69 79
69 79
69 73
73
73
73
73
73
73
76
76
76
76
76
76
76
62 78
62 78
62 78
62 78
62 78
62 78
62 78
78
64 78
64 78
64 78
66 78
66 78
66 78
66 78
67 78
67 78
67 78
78
69 78
69 78
69 78
71 78
71 78
71 78
71
71 74
71 74
71 74
71 76
71 76
76
76
78
78
78
78
80
80
80
81
81
81
81
69 83
69 83
69 83
69 83
69 81
69 81
69 81
69 80
69 80
80
80
78
78
78
78
76
76
76
74
74
74
74
68 76
68 76
68 76
68 76
68 76
68 76
68 76
69 76
69 76
69 76
69 76
68 76
68 76
68 76
68 76
66 76
66 76
66 76
64 76
64 76
64 76
64 76
69 76
69 76
69 76
69
69 73
69 73
69 73
69 74
69 74
74
74
76
76
76
76
78
78
78
80
80
80
80
68 81
68 81
68 81
68 81
68 80
68 80
68 80
68 78
68 78
78
78
76
76
76
76
74
74
74
73
73
73
73
66 74
66 74
66 74
66 74
66 74
66 74
66 74
68 74
68 74
68 74
68 74
66 74
66 74
66 74
66 74
64 74
64 74
64 74
66 74
66 74
66 74
66 74
68 71
68 71
68 71
68 71
68 71
68 71
68 71
69 71 83
69 71 83
69 71 83
69 71 83
68 71 83
68 71 83
68 71 83
 
66 74
66 74
66 74
68 74
68 74
68 74
68 74
69 73
69 73
69 73
69 74
69 74
69 74
69 74
68 71 76
68 71 76
68 71
68 71 74
66 71 74
66 71 76
66 71 76
64 71 74
64 71 74
64 71 74
64 71 73
62 71 73
62 71 74
62 71 74
62 71 74
61 71 76
61 71 76
61 71 76
61 71 76
61 71 76
61 71 76
61 71 76
49 71 76
49 71 76
49 71 76
49 71 76
49 74 76
49 74 76
49 74 76
52 73 76
52 73 76
52 73 76
52 73 76
52 71 76
52 71 76
52 71 76
52 71 76
54 69 76
54 69 76
54 69 76
54 69 76
54 69 76
54 69 76
54 69 76
47 69 74
47 69 74
47 69 74
47 69 74
47 73 74
47 73 74
47 73 74
50 71 74
50 71 74
50 71 74
50 71 74
50 69 74
50 69 74
50 69 74
50 69 74
52 68 74
52 68 74
52 68 74
52 68 74
52 68 74
52 68 74
52 68 74
45 68 73
45 68 73
45 68 73
45 68 73
45 68 73
45 68 73
45 68 73
49 64 73
49 64 73
49 64 73
49 64 73
49 64 73
49 64 73
49 64 73
49 64 73
50 66 73
50 66 73
50 66 73
50 66 73
50 66 73
50 66 73
50 66 73
52 66 71
52 66 71
52 66 71
52 66 71
50 66 71
50 66 71
50 66 71
49 66 74
49 66 74
49 66 74
49 66 74
47 66 74
47 66 74
47 66 74
47 66 74
52 68 74
52 68 74
52 68 74
52 68 74
52 68 74
52 68 74
52 68 74
45 68 73
45 68 73
45 68 73
45 68 73
45 71 73
45 71 73
45 71 73
49 69 73
49 69 73
49 69 73
49 69 73
49 68 73
49 68 73
49 68 73
73
50 66 73
50 66 73
50 66 73
50 66 73
50 66 73
50 66 73
50 66 73
44 66 71
44 66 71
44 66 71
44 71
44 69 71
44 69 71
44 69 71
47 68 71
47 68 71
47 68 71
47 68 71
47 66 71
47 66 71
47 66 71
49 64 71
49 64 71
49 64 71
49 64 71
49 64 71
49 64 71
49 64 71
49 64 71
50 64 69
50 64 69
50 64 69
49 64 69
49 64 69
49 64 69
49 64 69
47 64 73
47 64 73
47 64 73
47 64 73
45 64 73
45 64 73
45 64
50 64 66
50 64 66
50 64 66
50 64 66
50 62 66
50 62 66
50 62 66
50 62 66
38 50 64 66
38 50 64 66
38 50 64 66
38 50 62 66
38 50 62 66
38 50 62 66
38 50 62 66
50 61 66
50 61 66
50 61 66
50 61 66
50 62 66
50 62 66
50 62 66
52 62 68
52 62 68
52 62 68
52 62 68
52 62 68
52 62 68
52 62 68
52 62 68
40 52 64 68
40 52 64 68
40 52 64 68
40 52 62 68
40 52 62 68
40 52 62 68
40 52 62 68
52 61 68
52 61 68
52 61 68
52 61 68
52 62 68
52 62 68
52 62 68
54 62 69
54 62 69
54 62 69
54 62 69
54 61 69
54 61 69
54 61 69
54 61 69
49 62 69
49 62 69
49 62 69
49 64 69
49 64 69
49 64 69
49 64 69
45 66 69
45 66 69
45 66 69
45 66 69
45 68 69
45 68 69
45 68 69
42 69
42 69
42 69
42 69
42 69 74
42 69 74
42 69 74
42 69 74
54 69 76
54 69 76
54 69 76
54 69 74
54 69 74
54 69 74
54 69 74
42 69 73
42 69 73
42 69 73
42 69 73
42 69 74
42 69 74
42 69 74
44 71 74
44 71 74
44 71 74
44 71 74
44 71 74
44 71 74
44 71 74
44 71 74
56 71 76
56 71 76
56 71 76
56 71 74
56 71 74
56 71 74
56 71 74
44 71 73
44 71 73
44 71 73
44 71
44 71 74
44 71 74
44 71 74
45 71 73
45 71 73
45 71 73
45 71 73
45 71 73
45 73
45 73
73
47 68 73
47 68 73
47 68 73
45 68 73
45 68 73
45 68 73
45 68 73
44 69 73
44 69 73
44 69 73
45 69 73
45 69 73
45 69 73
45 69 73
47 69 74
47 69 74
47 69 74
47 69 74
47 69 74
47 69 74
47 69 74
49 68 74
49 68 74
49 68 74
49 68 74
47 68 74
47 68 74
47 68 74
47 68 74
45 69 74
45 69 74
45 69 74
47 69 74
47 69 74
47 69 74
47 69 74
49 69 76
49 69 76
49 69 76
49 69 76
49 69 76
49 69 76
49 69 76
50 68 76
50 68 76
50 68 76
50 68 76
49 68 76
49 68 76
49 68 76
49 68 76
47 69 76
47 69 76
47 69 76
49 69 76
49 69 76
49 69
49 69
50 69 78
50 69 78
50 69 78
50 69 78
50 69 78
50 69 78
50 69 78
54 69 79
54 69 79
54 69 79
54 69 79
54 69 78
54 69 78
54 69 78
54 78
57 76
57 76
57 76
57 74
57 74
57 74
57
62 84
62 84
62 84
62 84
62 83
62 83
62 83
62 65 81
62 65 81
62 65 81
62 65 81
62 65 84
62 65 84
62 65 84
62 65 84
62 69 83
62 69 83
62 69 83
62 69 81
62 69 81
62 69 81
62 69 81
62 71 80
62 71 80
62 71 80
62 71 80
62 71 83
62 71 83
62 71 83
62 64 81
62 64 81
62 64 81
62 64 81
62 64 80
62 64 80
62 64 80
62 64 80
62 68 81
62 68 81
62 68 81
62 68 83
62 68 83
62 68 83
62 68 83
62 69 76
62 69 76
62 69 76
62 69 76
62 69 76
62 69 76
69 76
61 69 76
61 69 76
61 69 76
61 69 76
61 74 76
61 74 76
61 74 76
76
64 73 76
64 73 76
64 73 76
64 71 76
64 71 76
64 71 76
64 71 76
66 69 76
66 69 76
66 69 76
66 69 76
66 69 76
66 69 76
66 69 76
59 69 74
59 69 74
59 69 74
59 69 74
59 73 74
59 73 74
59 73 74
62 71 74
62 71 74
62 71 74
62 71 74
62 69 74
62 69 74
62 69 74
62 69 74
64 68 74
64 68 74
64 68 74
64 68 74
64 68 74
64 68 74
64 68 74
57 68 73
57 68 73
57 68 73
57 68 73
57 68 73
57 68 73
57 68 73
61 69 73
61 69 73
61 69 73
61 69 73
61 69 73
61 69 73
61 69 73
61 69 73
54 62 73
54 62 73
54 62 73
54 62 73
54 62 73
54 62 73
54 62 73
57 62 66
57 62 66
57 62 66
57 62 66
57 62 66
57 62 66
57 62 66
56 62 71
56 62 71
56 62 71
56 62 71
56 62 71
56 62 71
56 62 71
56 62 71
57 61 71
57 61 71
57 61 71
57 61 71
57 61 71
57 61 71
57 61 71
49 61 64
49 61 64
49 61 64
49 61 64
49 61 64
49 61 64
49 61 64
50 61 69
50 61 69
50 61 69
50 61 69
50 61 69
50 61 69
50 61 69
50 61 69
52 59 69
52 59 69
52 59 69
52 59 68
52 59 68
52 59 69
52 59 69
52 59 68
52 59 68
52 59 68
52 59 68
52 59 68
52 59 68
52 59 68
40 59 69
40 59 69
40 59 69
40 59 69
40 59 69
40 59 69
40 59 69
40 59 69
45 49 52 57 69
45 49 52 57 69
45 49 52 57 69
45 49 52 57 71
45 49 52 57 71
45 49 52 57 71
45 49 52 57 71
45 49 52 57 73
45 49 52 57 73
45 49 52 57 73
45 49 52 57 73
45 49 52 57 74
45 49 52 57 74
45 49 52 57 74
76
76
76
76
73
73
73
73
59 69
59 69
59 69
59 69
59 69
59 69
59 69
59 61 69
59 61 69
61 69
61 69
61 69
61 69
61 69
62 69
62 69
62 69
62 69
62 69
62 69
62 69
 
59 69
59 69
59 68
59 68
59 68
59 69
59 69
59 61 69
59 61 68
61 68
61 69
61 69
61 69
61 68
62 68
62 68
62 66
62 66
62 66
62 68
62 68
45 52 57 61 69
45 52 57 61 69
45 52 57 61 69
45 52 57 61 69
45 52 57 61 69
45 52 57 61 69
45 52 57 61 69
45 52 57 61 69
45 52 57 61 64
45 52 57 61 64
45 52 57 64
45 52 57 64
45 52 57 64
45 52 57 64
45 52 57 64
67
67
67
67
67
67
67
62 66
62 66
62 66
62 66
62 68
62 68
62 68
62 68
62 69
62 69
69
69
69
69
69
66
66
66
66
66
66
66
61 64
61 64
61 64
61 64
61 64
61 64
61 64
61 64
61 68
61 68
68
68
68
68
68
69
69
69
69
69
69
69
45 56 59 62
45 56 59 62
45 56 59 62
45 56 59 62
45 56 59 62
45 56 59 62
45 56 59 62
45 56 59 62
45 56 59 64
45 56 59 64
45 56 59 64
45 56 59 62
62
62
62
61
61
61
61
62
62
62
61 64
61 64
61 64
61 64
61 68
61 68
61 68
61 68
61 69
69
69
69
69
69
69
64
64
64
64
64
64
64
59 62
59 62
59 62
59 62
59 62
59 62
59 62
59
59 68
68
68
68
68
68
68
69
69
69
69
69
69
69
57 62
57 62
57 62
57 62
45 57 62
45 57 62
45 57 62
47 57 62
47 57 62
47 57 62
47 57 62
49 57 62
49 57 62
49 57 62
49 57 62
50 57 62
50 57 62
50 57 62
52 57 62
52 57 62
52 57 62
52 57 62
54 57 61
54 57 61
54 57 61
54 61
55 61
55 61
55 61
57 61
57 61
57 61
57 61
59
59
59
59
61
61
61
62
62
62
62
64
64
64
64
66
66
66
67
67
67
67
69
69
69
69
71
71
71
73
73
73
73
66 69 74
66 69 74
66 69 74
66 69 74
66 69 76
66 69 76
66 69 76
66 69 78
66 69 78
66 69 78
66 69 78
66 69 79
66 69 79
66 69 79
66 69 79
81
81
81
78
78
78
78
64 74
64 74
64 74
64 74
64 74
64 74
64 74
64 66 74
64 66 74
66 74
66 74
66 74
66 74
66 74
66 74
67 74
67 74
67 74
67 74
67 74
67 74
67 74
64 74
64 74
64 74
64 73
64 73
64 74
64 74
64 66 74
64 66 73
66 73
66 73
66 74
66 74
66 74
73
67 73
67 71
67 71
67 71
67 73
67 73
67 73
50 57 62 66 74
50 57 62 66 74
50 57 62 66 74
50 57 62 66 74
50 57 62 66 74
50 57 62 66 74
50 57 62 66 74
50 57 62 66 69
50 57 62 66 69
50 57 62 69
50 57 62 69
50 57 62 69
50 57 62 69
50 57 62 69
 
72
72
72
72
72
72
72
67 71
67 71
67 71
67 73
67 73
67 73
67 73
67 74
67 74
74
74
74
74
74
71
71
71
71
71
71
71
71
66 69
66 69
66 69
66 69
66 69
66 69
66 69
66 73
66 73
73
73
73
73
73
74
74
74
74
74
74
74
74
50 61 64 67
50 61 64 67
50 61 64 67
50 61 64 67
50 61 64 67
50 61 64 67
50 61 64 67
50 61 64 69
50 61 64 69
50 61 64 69
50 61 64 69
67
67
67
66
66
66
66
67
67
67
67
66 69
66 69
66 69
66 73
66 73
66 73
66 73
66 74
66 74
74
74
74
74
74
69
69
69
69
69
69
69
69
64 67
64 67
64 67
64 67
64 67
64 67
64 67
64 73
64 73
73
73
73
73
73
74
74
74
74
74
74
74
74
62 67
62 67
62 67
38 62 67
38 62 67
38 62 67
38 62 67
40 62 67
40 62 67
40 62 67
62 67
42 62 67
42 62 67
42 62 67
43 62 67
43 62 67
43 62 67
43 62 67
45 62 67
45 62 67
45 62 67
62
47 62 66
47 62 66
47 62 66
49 62 66
49 62 66
49 62 66
49 62 66
50 62 66
50 62 66
50 62 66
62 66
52 62 66
52 62 66
52 62 66
54 62 66
54 62 66
54 62 66
54 62 66
55 62 66
55 62 66
55 62 66
57
57
57
57
59
59
59
59
60
60
60
62
62
62
62
64
64
64
64
66
66
66
59 62 67
59 62 67
59 62 67
59 62 67
59 62 66
59 62 66
59 62 66
59 62 66
59 62 67
59 62 67
59 62 67
59 62 67
59 62 67
59 62 67
59 62 67
74
74
74
74
74
74
74
47 74
47 74
47 74
47 74
47 74
47 74
47
47
47 73
47 73
73
73
73
73
73
71
71
71
71
71
71
71
59 62 71
59 62 71
59 62 71
59 62 71
59 62 71
59 62 71
59 62 71
59 62
59 62 69
69
69
69
69
69
69
67
67
67
67
67
67
67
59 61 66
59 61 66
59 61 66
59 61 66
59 61 66
59 61 66
59 61 66
59 61 66
59 61 65
59 61 65
59 61 65
59 61 65
59 61 65
59 61 65
59 61 65
73
73
73
73
73
73
73
45 73
45 73
45 73
45 73
45 73
45
45
45
45 71
71
71
71
71
71
71
69
69
69
69
69
69
69
57 61 69
57 61 69
57 61 69
57 61 69
57 61 69
57 61 69
57 61 69
57 61
57 61 67
67
67
67
67
67
67
66
66
66
66
66
66
66
57 59 64
57 59 64
57 59 64
57 59 64
57 59 64
57 59 64
57 59 64
57 59 63
57 59 63
57 59 63
57 59 63
57 59 63
57 59 63
57 59 63
57 59 63
71
71
71
71
71
71
71
43 71
43 71
43 71
43 71
43 71
43 71
43
43 69
43 69
69
69
69
69
69
69
67
67
67
67
67
67
67
55 59 67
55 59 67
55 59 67
55 59 67
55 59 67
55 59 67
55 59 67
55 59 66
55 59 66
66
66
66
66
66
66
64
64
64
64
64
64
64
55 57 73
55 57 73
55 57 73
55 57 73
55 57 73
55 57 73
55 57 73
55 57 64 73
55 57 64 73
57 64 73
57 64 73
57 64 73
